Rank-1: 65.00%
Rank-5: 90.00%

              precision    recall  f1-score   support

           0       1.00      1.00      1.00         1
           1       0.00      0.00      0.00         0
           2       1.00      1.00      1.00         1
           3       0.50      0.50      0.50         2
           4       0.00      0.00      0.00         0
           5       1.00      1.00      1.00         2
           6       1.00      1.00      1.00         2
           8       0.00      0.00      0.00         1
           9       0.00      0.00      0.00         0
          10       1.00      0.75      0.86         4
          11       0.00      0.00      0.00         1
          12       0.00      0.00      0.00         1
          14       0.50      1.00      0.67         1
          15       1.00      0.50      0.67         2
          16       1.00      1.00      1.00         1
          17       0.00      0.00      0.00         1

   micro avg       0.65      0.65      0.65        20
   macro avg       0.50      0.48      0.48        20
weighted avg       0.72      0.65      0.67        20

