Rank-1: 85.00%
Rank-5: 100.00%

              precision    recall  f1-score   support

           0       1.00      1.00      1.00         1
           2       1.00      1.00      1.00         1
           3       0.67      1.00      0.80         2
           5       1.00      1.00      1.00         2
           6       1.00      1.00      1.00         2
           8       1.00      1.00      1.00         1
          10       1.00      1.00      1.00         4
          11       1.00      1.00      1.00         1
          12       0.00      0.00      0.00         1
          14       0.00      0.00      0.00         1
          15       1.00      0.50      0.67         2
          16       1.00      1.00      1.00         1
          17       1.00      1.00      1.00         1
          18       0.00      0.00      0.00         0

   micro avg       0.85      0.85      0.85        20
   macro avg       0.76      0.75      0.75        20
weighted avg       0.87      0.85      0.85        20

