Rank-1: 75.00%
Rank-5: 100.00%

             precision    recall  f1-score   support

          0       1.00      1.00      1.00         1
          1       0.00      0.00      0.00         0
          2       0.00      0.00      0.00         1
          3       1.00      0.50      0.67         2
          4       0.00      0.00      0.00         0
          5       0.67      1.00      0.80         2
          6       1.00      1.00      1.00         2
          8       1.00      1.00      1.00         1
         10       1.00      0.75      0.86         4
         11       1.00      1.00      1.00         1
         12       1.00      1.00      1.00         1
         14       1.00      1.00      1.00         1
         15       1.00      0.50      0.67         2
         16       1.00      1.00      1.00         1
         17       0.00      0.00      0.00         1
         18       0.00      0.00      0.00         0

avg / total       0.87      0.75      0.78        20

