Rank-1: 75.00%
Rank-5: 100.00%

              precision    recall  f1-score   support

           0       0.00      0.00      0.00         1
           1       0.00      0.00      0.00         0
           2       0.00      0.00      0.00         1
           3       0.67      1.00      0.80         2
           4       0.00      0.00      0.00         0
           5       1.00      1.00      1.00         2
           6       1.00      1.00      1.00         2
           8       1.00      1.00      1.00         1
          10       1.00      1.00      1.00         4
          11       0.00      0.00      0.00         1
          12       0.33      1.00      0.50         1
          14       1.00      1.00      1.00         1
          15       1.00      1.00      1.00         2
          16       0.00      0.00      0.00         1
          17       0.00      0.00      0.00         1

   micro avg       0.75      0.75      0.75        20
   macro avg       0.47      0.53      0.49        20
weighted avg       0.68      0.75      0.70        20

