Rank-1: 75.00%
Rank-5: 95.00%

              precision    recall  f1-score   support

           0       1.00      1.00      1.00         1
           1       0.00      0.00      0.00         0
           2       1.00      1.00      1.00         1
           3       1.00      0.50      0.67         2
           5       0.67      1.00      0.80         2
           6       1.00      1.00      1.00         2
           8       0.00      0.00      0.00         1
           9       0.00      0.00      0.00         0
          10       1.00      1.00      1.00         4
          11       1.00      1.00      1.00         1
          12       0.00      0.00      0.00         1
          14       1.00      1.00      1.00         1
          15       1.00      0.50      0.67         2
          16       1.00      1.00      1.00         1
          17       0.00      0.00      0.00         1
          18       0.00      0.00      0.00         0

   micro avg       0.75      0.75      0.75        20
   macro avg       0.60      0.56      0.57        20
weighted avg       0.82      0.75      0.76        20

